40
1:(-2260,-1022.5),2,9
2:(-1375,-1022.5),1,3,4
3:(-706.25,-875),2,4,12
4:(-318.75,-1012.5),2,3,5,13
5:(318.75,-1012.5),4,6,7,14
6:(706.25,-875),5,7,15
7:(1375,-1022.5),5,6,8
8:(2260,-1022.5),7,18
9:(-2260,-250),1,19,23
10:(-1600,-350),11,19,24
11:(-1150,-350),10,12,20,25,26
12:(-812.5,-637.5),3,11,20,25,26
13:(-268.75,-240),4,14,20,27
14:(268.75,-240),5,13,21,28
15:(812.5,-637.5),6,16,21,29,30
16:(1150,-350),15,17,21,29,30
17:(1600,-350),16,22,31
18:(2260,-250),8,22,32
19:(-2000,0),9,10,23,24
20:(-500,0),11,12,13,25,26,27
21:(500,0),14,15,16,28,29,30
22:(2000,0),17,18,31,32
23:(-2260,250),9,19,33
24:(-1600,350),10,19,25
25:(-1150,350),11,12,20,24,26
26:(-812.5,637.5),11,12,20,25,35
27:(-268.75,240),13,20,28,36
28:(268.75,240),14,21,27,37
29:(812.5,637.5),15,16,21,30,38
30:(1150,350),15,16,21,29,31
31:(1600,350),17,22,30
32:(2260,250),18,22,40
33:(-2260,1022.5),23,34
34:(-1375,1022.5),33,35,36
35:(-706.25,875),26,34,36
36:(-318.75,1012.5),27,34,35,37
37:(318.75,1012.5),28,36,38,39
38:(706.25,875),29,37,39
39:(1375,1022.5),37,38,40
40:(2260,1022.5),32,39
